1780573454629 0.60606 0
1780573494091 0.68106 1
1780573532916 0.987 2
1780573570888 0.92283 3
1780573609737 0.95951 4
1780573645524 0.92614 5
1780573680729 0.94773 6
1780573715979 0.98563 7
1780573750338 0.99038 8
1780573784397 0.97722 9
1780573818695 0.96965 10
1780573852518 0.94327 11
1780573886935 0.98413 12
1780573921849 0.98594 13
1780573956680 0.98409 14
1780573990507 0.995 15
1780574024140 0.97962 16
1780574066473 0.995 17
1780574117859 0.995 18
1780574164505 0.995 19
1780574199341 0.97679 20
1780574233647 0.99056 21
1780574267819 0.97435 22
1780574310725 0.99056 23
1780574355854 0.995 24
1780574410554 0.995 25
1780574458599 0.99056 26
1780574513076 0.987 27
1780574565982 0.96038 28
1780574616136 0.995 29
1780574656300 0.995 30
1780574695774 0.97286 31
1780574746593 0.97722 32
1780574793569 0.99056 33
1780574830064 0.995 34
1780574869806 0.995 35
1780574910390 0.995 36
1780574947666 0.995 37
1780574989240 0.995 38
1780575034197 0.995 39
1780575076852 0.995 40
1780575123019 0.99038 41
1780575166988 0.995 42
1780575202437 0.995 43
1780575240287 0.995 44
1780575276481 0.995 45
1780575313722 0.995 46
1780575350288 0.995 47
1780575387375 0.995 48
1780575423970 0.995 49
1780575460212 0.995 50
1780575497467 0.968 51
1780575537409 0.97 52
1780575574809 0.98857 53
1780575611400 0.99038 54
1780575648274 0.995 55
1780575684563 0.995 56
1780575722583 0.995 57
1780575759656 0.995 58
1780575795135 0.995 59
1780575831837 0.995 60
1780575867432 0.995 61
1780575903972 0.995 62
1780575939952 0.995 63
1780575976939 0.995 64
1780576016282 0.995 65
1780576053259 0.995 66
1780576089943 0.995 67
1780576127538 0.995 68
1780576163701 0.995 69
1780576200245 0.995 70
1780576235565 0.995 71
1780576273072 0.995 72
1780576309078 0.995 73
1780576345745 0.9925 74
1780576382495 0.99038 75
1780576419463 0.995 76
1780576457624 0.995 77
1780576495382 0.995 78
1780576531200 0.995 79
1780576568077 0.9925 80
1780576604367 0.995 81
1780576640406 0.995 82
1780576676666 0.9925 83
1780576712919 0.9925 84
1780576749431 0.99038 85
1780576786434 0.99038 86
1780576822863 0.995 87
1780576859753 0.995 88
1780576896578 0.995 89
1780576934438 0.995 90
1780576970175 0.995 91
1780577006167 0.995 92
1780577041783 0.995 93
1780577066761 0.995 94
1780584346631 0.99038 95
1780584371482 0.97935 96
1780584395860 0.965 97
1780584419771 0.9925 98
1780584443818 0.9925 99
1780584468317 0.995 100
1780584491840 0.995 101
1780584515801 0.995 102
1780584539464 0.995 103
1780584563206 0.9925 104
1780584586567 0.9925 105
1780584610128 0.995 106
1780584633302 0.995 107
1780584657203 0.995 108
1780584680351 0.995 109
1780584704319 0.9925 110
1780584728035 0.9925 111
1780584732046 0.995 111
