1780573454629 0.38017 0
1780573494091 0.41227 1
1780573532916 0.66131 2
1780573570888 0.55721 3
1780573609737 0.6098 4
1780573645524 0.64528 5
1780573680729 0.64682 6
1780573715979 0.63752 7
1780573750338 0.67731 8
1780573784397 0.68957 9
1780573818695 0.71255 10
1780573852518 0.66882 11
1780573886935 0.66088 12
1780573921849 0.66177 13
1780573956680 0.73292 14
1780573990507 0.68906 15
1780574024140 0.68199 16
1780574066473 0.68122 17
1780574117859 0.73085 18
1780574164505 0.72016 19
1780574199341 0.72172 20
1780574233647 0.71445 21
1780574267819 0.71318 22
1780574310725 0.74421 23
1780574355854 0.71565 24
1780574410554 0.75381 25
1780574458599 0.78246 26
1780574513076 0.74145 27
1780574565982 0.76584 28
1780574616136 0.7568 29
1780574656300 0.73811 30
1780574695774 0.76728 31
1780574746593 0.74443 32
1780574793569 0.74212 33
1780574830064 0.73711 34
1780574869806 0.75987 35
1780574910390 0.74388 36
1780574947666 0.76918 37
1780574989240 0.78612 38
1780575034197 0.77832 39
1780575076852 0.76095 40
1780575123019 0.75888 41
1780575166988 0.77771 42
1780575202437 0.77716 43
1780575240287 0.78232 44
1780575276481 0.73508 45
1780575313722 0.77001 46
1780575350288 0.77566 47
1780575387375 0.76249 48
1780575423970 0.75191 49
1780575460212 0.75824 50
1780575497467 0.75175 51
1780575537409 0.72721 52
1780575574809 0.75826 53
1780575611400 0.76284 54
1780575648274 0.78214 55
1780575684563 0.76446 56
1780575722583 0.76503 57
1780575759656 0.74333 58
1780575795135 0.79004 59
1780575831837 0.76457 60
1780575867432 0.77645 61
1780575903972 0.77205 62
1780575939952 0.74899 63
1780575976939 0.74821 64
1780576016282 0.77087 65
1780576053259 0.77515 66
1780576089943 0.76374 67
1780576127538 0.76866 68
1780576163701 0.7594 69
1780576200245 0.76074 70
1780576235565 0.75335 71
1780576273072 0.75485 72
1780576309078 0.75071 73
1780576345745 0.7887 74
1780576382495 0.79992 75
1780576419463 0.80757 76
1780576457624 0.76169 77
1780576495382 0.77138 78
1780576531200 0.79869 79
1780576568077 0.78657 80
1780576604367 0.80961 81
1780576640406 0.7991 82
1780576676666 0.79802 83
1780576712919 0.78826 84
1780576749431 0.77412 85
1780576786434 0.77392 86
1780576822863 0.78908 87
1780576859753 0.78466 88
1780576896578 0.78087 89
1780576934438 0.78525 90
1780576970175 0.78803 91
1780577006167 0.77389 92
1780577041783 0.80132 93
1780577066761 0.79668 94
1780584346631 0.80125 95
1780584371482 0.78126 96
1780584395860 0.7697 97
1780584419771 0.78987 98
1780584443818 0.8072 99
1780584468317 0.78156 100
1780584491840 0.78826 101
1780584515801 0.77661 102
1780584539464 0.7808 103
1780584563206 0.78729 104
1780584586567 0.79089 105
1780584610128 0.79187 106
1780584633302 0.7954 107
1780584657203 0.77927 108
1780584680351 0.76608 109
1780584704319 0.77342 110
1780584728035 0.77702 111
1780584732046 0.8096050505050506 111
