1780573454629 0.00348 0
1780573494091 0.69203 1
1780573532916 0.85643 2
1780573570888 0.70583 3
1780573609737 0.95507 4
1780573645524 1.0 5
1780573680729 0.91815 6
1780573715979 0.9858 7
1780573750338 0.95381 8
1780573784397 0.96135 9
1780573818695 0.90234 10
1780573852518 0.9339 11
1780573886935 0.95719 12
1780573921849 0.98671 13
1780573956680 0.95473 14
1780573990507 0.99117 15
1780574024140 0.95546 16
1780574066473 0.97221 17
1780574117859 0.97134 18
1780574164505 0.98328 19
1780574199341 0.98617 20
1780574233647 0.98634 21
1780574267819 0.9629 22
1780574310725 0.95227 23
1780574355854 0.98952 24
1780574410554 0.98886 25
1780574458599 0.98978 26
1780574513076 0.98705 27
1780574565982 0.9619 28
1780574616136 0.96616 29
1780574656300 0.97938 30
1780574695774 0.98509 31
1780574746593 0.95194 32
1780574793569 0.94928 33
1780574830064 0.98253 34
1780574869806 0.99341 35
1780574910390 0.98491 36
1780574947666 0.99468 37
1780574989240 0.98746 38
1780575034197 0.99363 39
1780575076852 0.99354 40
1780575123019 0.994 41
1780575166988 0.99306 42
1780575202437 0.98813 43
1780575240287 0.99511 44
1780575276481 0.99555 45
1780575313722 0.99464 46
1780575350288 0.99189 47
1780575387375 0.98714 48
1780575423970 0.97008 49
1780575460212 0.99611 50
1780575497467 0.98578 51
1780575537409 0.98288 52
1780575574809 0.9897 53
1780575611400 0.99226 54
1780575648274 0.98499 55
1780575684563 0.97823 56
1780575722583 0.99206 57
1780575759656 0.99451 58
1780575795135 0.99582 59
1780575831837 0.97672 60
1780575867432 0.96817 61
1780575903972 0.98985 62
1780575939952 0.9905 63
1780575976939 0.99496 64
1780576016282 0.99396 65
1780576053259 0.9912 66
1780576089943 0.99356 67
1780576127538 0.9788 68
1780576163701 0.99012 69
1780576200245 0.9841 70
1780576235565 0.99437 71
1780576273072 0.98696 72
1780576309078 0.99293 73
1780576345745 0.98874 74
1780576382495 0.98281 75
1780576419463 0.99196 76
1780576457624 0.99495 77
1780576495382 0.99506 78
1780576531200 0.99443 79
1780576568077 0.9884 80
1780576604367 0.99347 81
1780576640406 0.996 82
1780576676666 0.99085 83
1780576712919 0.99078 84
1780576749431 0.99294 85
1780576786434 0.99247 86
1780576822863 0.99465 87
1780576859753 0.98402 88
1780576896578 0.99358 89
1780576934438 0.99085 90
1780576970175 0.99444 91
1780577006167 0.99108 92
1780577041783 0.99105 93
1780577066761 0.99286 94
1780584346631 0.99388 95
1780584371482 0.99409 96
1780584395860 0.99346 97
1780584419771 0.99363 98
1780584443818 0.99333 99
1780584468317 0.99581 100
1780584491840 0.99169 101
1780584515801 0.98894 102
1780584539464 0.99292 103
1780584563206 0.9942 104
1780584586567 0.99115 105
1780584610128 0.99223 106
1780584633302 0.99359 107
1780584657203 0.99262 108
1780584680351 0.98925 109
1780584704319 0.98886 110
1780584728035 0.98924 111
1780584732046 0.9934883278511312 111
