1780573454629 1.0 0
1780573494091 0.38661 1
1780573532916 0.91236 2
1780573570888 0.93116 3
1780573609737 0.92599 4
1780573645524 0.78527 5
1780573680729 0.87649 6
1780573715979 0.96334 7
1780573750338 0.96192 8
1780573784397 0.95597 9
1780573818695 0.93458 10
1780573852518 0.66492 11
1780573886935 0.92803 12
1780573921849 0.92803 13
1780573956680 0.92007 14
1780573990507 0.97176 15
1780574024140 0.95208 16
1780574066473 0.97563 17
1780574117859 0.97964 18
1780574164505 0.98372 19
1780574199341 0.93583 20
1780574233647 0.9542 21
1780574267819 0.93952 22
1780574310725 0.98157 23
1780574355854 0.99198 24
1780574410554 0.99177 25
1780574458599 0.9526 26
1780574513076 0.93907 27
1780574565982 0.92803 28
1780574616136 0.96268 29
1780574656300 0.99823 30
1780574695774 0.94197 31
1780574746593 0.96474 32
1780574793569 0.98264 33
1780574830064 0.98477 34
1780574869806 0.9674 35
1780574910390 0.99794 36
1780574947666 1.0 37
1780574989240 1.0 38
1780575034197 0.97892 39
1780575076852 0.97426 40
1780575123019 0.9697 41
1780575166988 1.0 42
1780575202437 0.99725 43
1780575240287 0.97833 44
1780575276481 0.97373 45
1780575313722 0.97724 46
1780575350288 1.0 47
1780575387375 0.98114 48
1780575423970 0.99395 49
1780575460212 0.97604 50
1780575497467 0.96658 51
1780575537409 0.96787 52
1780575574809 0.9697 53
1780575611400 0.9697 54
1780575648274 0.98825 55
1780575684563 0.99588 56
1780575722583 1.0 57
1780575759656 0.97504 58
1780575795135 0.97787 59
1780575831837 0.98787 60
1780575867432 0.99632 61
1780575903972 1.0 62
1780575939952 0.99631 63
1780575976939 0.97535 64
1780576016282 0.97934 65
1780576053259 0.999 66
1780576089943 0.97015 67
1780576127538 0.98464 68
1780576163701 0.99712 69
1780576200245 0.99589 70
1780576235565 0.97606 71
1780576273072 0.99648 72
1780576309078 0.98185 73
1780576345745 0.9697 74
1780576382495 0.96812 75
1780576419463 0.97823 76
1780576457624 0.97417 77
1780576495382 0.97575 78
1780576531200 0.97357 79
1780576568077 0.9697 80
1780576604367 0.97347 81
1780576640406 0.97323 82
1780576676666 0.9697 83
1780576712919 0.9697 84
1780576749431 0.9697 85
1780576786434 0.9697 86
1780576822863 0.97499 87
1780576859753 0.99632 88
1780576896578 0.99919 89
1780576934438 0.98278 90
1780576970175 0.97911 91
1780577006167 1.0 92
1780577041783 0.99878 93
1780577066761 0.97861 94
1780584346631 0.9697 95
1780584371482 0.9697 96
1780584395860 0.9697 97
1780584419771 0.9697 98
1780584443818 0.9697 99
1780584468317 0.97456 100
1780584491840 0.98778 101
1780584515801 0.99677 102
1780584539464 0.97875 103
1780584563206 0.9697 104
1780584586567 0.9697 105
1780584610128 0.97727 106
1780584633302 0.9791 107
1780584657203 0.97801 108
1780584680351 0.98216 109
1780584704319 0.96881 110
1780584728035 0.96937 111
1780584732046 0.9734900113368496 111
