1780573451841 1.40837 0
1780573491383 1.2751 1
1780573530223 1.33678 2
1780573568322 1.29263 3
1780573607220 1.23618 4
1780573642979 1.31512 5
1780573678327 1.15896 6
1780573713569 1.15976 7
1780573747910 1.16119 8
1780573781971 1.14068 9
1780573816222 1.14481 10
1780573850192 1.1341 11
1780573884586 1.08024 12
1780573919433 1.05962 13
1780573954096 1.1038 14
1780573988119 1.11075 15
1780574021755 1.08453 16
1780574061833 1.12302 17
1780574114797 1.02285 18
1780574162248 1.04266 19
1780574196893 1.0019 20
1780574231474 0.98703 21
1780574265676 1.01831 22
1780574308145 1.00267 23
1780574353184 1.02689 24
1780574407494 0.98721 25
1780574455524 1.00648 26
1780574509335 0.9909 27
1780574562971 1.03418 28
1780574612957 1.00378 29
1780574654126 0.98469 30
1780574692779 0.96366 31
1780574743022 1.01959 32
1780574791236 0.94297 33
1780574827722 1.01323 34
1780574867641 0.98003 35
1780574908072 0.99089 36
1780574945471 0.92372 37
1780574986494 0.92295 38
1780575031459 0.9297 39
1780575074219 0.87584 40
1780575119759 0.90466 41
1780575164376 0.89116 42
1780575200253 0.94365 43
1780575237480 0.89849 44
1780575274065 0.87851 45
1780575311235 0.87752 46
1780575347650 0.8903 47
1780575384952 0.91722 48
1780575421455 0.89093 49
1780575457708 0.88279 50
1780575494732 0.84771 51
1780575534824 0.86868 52
1780575572307 0.81199 53
1780575608970 0.83345 54
1780575645558 0.84603 55
1780575682066 0.79101 56
1780575720028 0.85444 57
1780575757160 0.8585 58
1780575792688 0.81236 59
1780575829373 0.83639 60
1780575864999 0.83577 61
1780575901526 0.81945 62
1780575937433 0.81017 63
1780575974380 0.78666 64
1780576013729 0.83414 65
1780576050559 0.81061 66
1780576087408 0.7794 67
1780576124729 0.78971 68
1780576161268 0.76681 69
1780576197759 0.79196 70
1780576233109 0.77476 71
1780576270472 0.78364 72
1780576306684 0.76854 73
1780576343192 0.79418 74
1780576379938 0.76221 75
1780576416942 0.74648 76
1780576455172 0.76089 77
1780576492793 0.73666 78
1780576528753 0.74202 79
1780576565659 0.75832 80
1780576601807 0.76391 81
1780576638009 0.73755 82
1780576674173 0.74478 83
1780576710349 0.72219 84
1780576747037 0.71648 85
1780576783659 0.72385 86
1780576820361 0.73794 87
1780576857231 0.71401 88
1780576893989 0.74758 89
1780576931907 0.73748 90
1780576967583 0.73585 91
1780577003631 0.7047 92
1780577039217 0.71692 93
1780577065106 0.67462 94
1780584344702 0.69967 95
1780584369827 0.69191 96
1780584394216 0.70634 97
1780584418120 0.68871 98
1780584442193 0.69497 99
1780584466595 0.70113 100
1780584490246 0.69314 101
1780584514143 0.66575 102
1780584537866 0.68698 103
1780584561562 0.67069 104
1780584584982 0.6372 105
1780584608528 0.65277 106
1780584631689 0.66274 107
1780584655600 0.66378 108
1780584678809 0.66424 109
1780584702668 0.65859 110
1780584726374 0.64566 111
