1780573451841 3.009 0
1780573491383 2.16937 1
1780573530223 1.6913 2
1780573568322 1.60361 3
1780573607220 1.4261 4
1780573642979 1.4299 5
1780573678327 1.29215 6
1780573713569 1.303 7
1780573747910 1.19178 8
1780573781971 1.15994 9
1780573816222 1.17244 10
1780573850192 1.10453 11
1780573884586 1.05507 12
1780573919433 1.08064 13
1780573954096 1.05039 14
1780573988119 1.01807 15
1780574021755 0.9702 16
1780574061833 1.03806 17
1780574114797 0.97066 18
1780574162248 0.95108 19
1780574196893 0.92786 20
1780574231474 0.88024 21
1780574265676 0.91615 22
1780574308145 0.89547 23
1780574353184 0.87265 24
1780574407494 0.85035 25
1780574455524 0.86479 26
1780574509335 0.84691 27
1780574562971 0.86029 28
1780574612957 0.82794 29
1780574654126 0.80463 30
1780574692779 0.79427 31
1780574743022 0.81871 32
1780574791236 0.74382 33
1780574827722 0.78475 34
1780574867641 0.77577 35
1780574908072 0.77425 36
1780574945471 0.72441 37
1780574986494 0.69452 38
1780575031459 0.7049 39
1780575074219 0.6837 40
1780575119759 0.71319 41
1780575164376 0.66557 42
1780575200253 0.69969 43
1780575237480 0.68433 44
1780575274065 0.65171 45
1780575311235 0.67846 46
1780575347650 0.65603 47
1780575384952 0.67623 48
1780575421455 0.66277 49
1780575457708 0.70031 50
1780575494732 0.66144 51
1780575534824 0.62925 52
1780575572307 0.60659 53
1780575608970 0.61484 54
1780575645558 0.62031 55
1780575682066 0.60444 56
1780575720028 0.61305 57
1780575757160 0.65458 58
1780575792688 0.59796 59
1780575829373 0.60027 60
1780575864999 0.6203 61
1780575901526 0.60248 62
1780575937433 0.60809 63
1780575974380 0.56835 64
1780576013729 0.63313 65
1780576050559 0.5792 66
1780576087408 0.59153 67
1780576124729 0.58016 68
1780576161268 0.55352 69
1780576197759 0.57194 70
1780576233109 0.54842 71
1780576270472 0.56493 72
1780576306684 0.55801 73
1780576343192 0.57408 74
1780576379938 0.53744 75
1780576416942 0.51549 76
1780576455172 0.52838 77
1780576492793 0.52357 78
1780576528753 0.54723 79
1780576565659 0.52429 80
1780576601807 0.54535 81
1780576638009 0.52232 82
1780576674173 0.505 83
1780576710349 0.50108 84
1780576747037 0.49475 85
1780576783659 0.52066 86
1780576820361 0.5334 87
1780576857231 0.51378 88
1780576893989 0.52874 89
1780576931907 0.53302 90
1780576967583 0.49915 91
1780577003631 0.47707 92
1780577039217 0.5001 93
1780577065106 0.48814 94
1780584344702 0.50078 95
1780584369827 0.50183 96
1780584394216 0.48186 97
1780584418120 0.4783 98
1780584442193 0.5057 99
1780584466595 0.49353 100
1780584490246 0.48796 101
1780584514143 0.48345 102
1780584537866 0.4696 103
1780584561562 0.49105 104
1780584584982 0.45948 105
1780584608528 0.4358 106
1780584631689 0.45743 107
1780584655600 0.48048 108
1780584678809 0.47242 109
1780584702668 0.46833 110
1780584726374 0.45789 111
