1780573451841 1.46734 0
1780573491383 1.35117 1
1780573530223 1.38588 2
1780573568322 1.38204 3
1780573607220 1.30047 4
1780573642979 1.36518 5
1780573678327 1.24629 6
1780573713569 1.27207 7
1780573747910 1.27429 8
1780573781971 1.25428 9
1780573816222 1.2526 10
1780573850192 1.23572 11
1780573884586 1.22152 12
1780573919433 1.20944 13
1780573954096 1.21712 14
1780573988119 1.23513 15
1780574021755 1.21898 16
1780574061833 1.23589 17
1780574114797 1.2029 18
1780574162248 1.21351 19
1780574196893 1.16965 20
1780574231474 1.17024 21
1780574265676 1.17632 22
1780574308145 1.16962 23
1780574353184 1.16718 24
1780574407494 1.16626 25
1780574455524 1.17016 26
1780574509335 1.19838 27
1780574562971 1.18249 28
1780574612957 1.17406 29
1780574654126 1.17763 30
1780574692779 1.16236 31
1780574743022 1.17334 32
1780574791236 1.13852 33
1780574827722 1.16515 34
1780574867641 1.14649 35
1780574908072 1.15853 36
1780574945471 1.12342 37
1780574986494 1.1158 38
1780575031459 1.14226 39
1780575074219 1.10151 40
1780575119759 1.11089 41
1780575164376 1.11239 42
1780575200253 1.13047 43
1780575237480 1.10989 44
1780575274065 1.09895 45
1780575311235 1.1019 46
1780575347650 1.10137 47
1780575384952 1.11787 48
1780575421455 1.11462 49
1780575457708 1.13185 50
1780575494732 1.10261 51
1780575534824 1.10471 52
1780575572307 1.0804 53
1780575608970 1.09115 54
1780575645558 1.09345 55
1780575682066 1.0649 56
1780575720028 1.0911 57
1780575757160 1.11063 58
1780575792688 1.06844 59
1780575829373 1.09936 60
1780575864999 1.09806 61
1780575901526 1.08026 62
1780575937433 1.07856 63
1780575974380 1.05794 64
1780576013729 1.08792 65
1780576050559 1.09094 66
1780576087408 1.06146 67
1780576124729 1.08332 68
1780576161268 1.06881 69
1780576197759 1.07046 70
1780576233109 1.05541 71
1780576270472 1.05591 72
1780576306684 1.05375 73
1780576343192 1.07527 74
1780576379938 1.05368 75
1780576416942 1.04548 76
1780576455172 1.04647 77
1780576492793 1.04665 78
1780576528753 1.05983 79
1780576565659 1.05674 80
1780576601807 1.05705 81
1780576638009 1.04113 82
1780576674173 1.04321 83
1780576710349 1.02453 84
1780576747037 1.04372 85
1780576783659 1.0326 86
1780576820361 1.05343 87
1780576857231 1.03404 88
1780576893989 1.04686 89
1780576931907 1.03619 90
1780576967583 1.05229 91
1780577003631 1.04396 92
1780577039217 1.02208 93
1780577065106 1.01336 94
1780584344702 1.04254 95
1780584369827 1.0331 96
1780584394216 1.03392 97
1780584418120 1.0238 98
1780584442193 1.03018 99
1780584466595 1.01991 100
1780584490246 1.0214 101
1780584514143 1.00798 102
1780584537866 1.03536 103
1780584561562 1.02618 104
1780584584982 1.00769 105
1780584608528 1.00628 106
1780584631689 1.01919 107
1780584655600 1.00671 108
1780584678809 1.02142 109
1780584702668 1.01227 110
1780584726374 1.01343 111
