1780573451841 0.0004634594594594594 0
1780573491383 0.0009335901603603604 1
1780573530223 0.0013974332612612613 2
1780573568322 0.0014007058 3
1780573607220 0.0013912744 4
1780573642979 0.0013818429999999998 5
1780573678327 0.0013724115999999998 6
1780573713569 0.0013629801999999998 7
1780573747910 0.0013535488 8
1780573781971 0.0013441173999999998 9
1780573816222 0.001334686 10
1780573850192 0.0013252545999999999 11
1780573884586 0.0013158232 12
1780573919433 0.0013063918 13
1780573954096 0.0012969604 14
1780573988119 0.001287529 15
1780574021755 0.0012780976 16
1780574061833 0.0012686662 17
1780574114797 0.0012592348 18
1780574162248 0.0012498033999999998 19
1780574196893 0.001240372 20
1780574231474 0.0012309405999999998 21
1780574265676 0.0012215091999999998 22
1780574308145 0.0012120778 23
1780574353184 0.0012026464 24
1780574407494 0.001193215 25
1780574455524 0.0011837835999999999 26
1780574509335 0.0011743522 27
1780574562971 0.0011649208 28
1780574612957 0.0011554894 29
1780574654126 0.001146058 30
1780574692779 0.0011366266 31
1780574743022 0.0011271952 32
1780574791236 0.0011177638 33
1780574827722 0.0011083324 34
1780574867641 0.0010989009999999998 35
1780574908072 0.0010894695999999998 36
1780574945471 0.0010800381999999998 37
1780574986494 0.0010706067999999998 38
1780575031459 0.0010611754 39
1780575074219 0.001051744 40
1780575119759 0.0010423126 41
1780575164376 0.0010328811999999999 42
1780575200253 0.0010234498000000001 43
1780575237480 0.0010140184 44
1780575274065 0.001004587 45
1780575311235 0.0009951556 46
1780575347650 0.0009857242 47
1780575384952 0.0009762927999999999 48
1780575421455 0.0009668613999999999 49
1780575457708 0.00095743 50
1780575494732 0.0009479985999999998 51
1780575534824 0.0009385671999999999 52
1780575572307 0.0009291358000000002 53
1780575608970 0.0009197044000000001 54
1780575645558 0.000910273 55
1780575682066 0.0009008416000000001 56
1780575720028 0.0008914102 57
1780575757160 0.0008819787999999999 58
1780575792688 0.0008725474 59
1780575829373 0.0008631159999999999 60
1780575864999 0.0008536845999999998 61
1780575901526 0.0008442532 62
1780575937433 0.0008348218000000001 63
1780575974380 0.0008253903999999998 64
1780576013729 0.0008159589999999999 65
1780576050559 0.0008065276 66
1780576087408 0.0007970961999999999 67
1780576124729 0.0007876648 68
1780576161268 0.0007782334000000001 69
1780576197759 0.000768802 70
1780576233109 0.0007593706 71
1780576270472 0.0007499392 72
1780576306684 0.0007405078 73
1780576343192 0.0007310763999999999 74
1780576379938 0.0007216449999999999 75
1780576416942 0.0007122135999999999 76
1780576455172 0.0007027822 77
1780576492793 0.0006933508 78
1780576528753 0.0006839194000000001 79
1780576565659 0.000674488 80
1780576601807 0.0006650565999999999 81
1780576638009 0.0006556252 82
1780576674173 0.0006461937999999999 83
1780576710349 0.0006367623999999998 84
1780576747037 0.000627331 85
1780576783659 0.0006178995999999999 86
1780576820361 0.0006084682000000001 87
1780576857231 0.0005990368 88
1780576893989 0.0005896053999999999 89
1780576931907 0.000580174 90
1780576967583 0.0005707425999999999 91
1780577003631 0.0005613112000000001 92
1780577039217 0.0005518798 93
1780577065106 0.0005424484 94
1780584344702 0.0005330170000000001 95
1780584369827 0.0005235856 96
1780584394216 0.0005141542 97
1780584418120 0.0005047228 98
1780584442193 0.0004952913999999999 99
1780584466595 0.00048586 100
1780584490246 0.0004764285999999999 101
1780584514143 0.00046699719999999993 102
1780584537866 0.00045756580000000006 103
1780584561562 0.00044813439999999996 104
1780584584982 0.00043870300000000003 105
1780584608528 0.0004292716 106
1780584631689 0.0004198401999999999 107
1780584655600 0.0004104088 108
1780584678809 0.0004009774 109
1780584702668 0.0003915460000000001 110
1780584726374 0.0003821146 111
