1779894897621 1.9091 0
1779894906931 1.72317 1
1779894914966 1.44092 2
1779894923691 1.378 3
1779894932229 1.41114 4
1779894941078 1.48884 5
1779894948720 1.51632 6
1779894956758 1.6287 7
1779894965223 1.55655 8
1779894973412 1.55047 9
1779894981612 1.5003 10
1779894989468 1.48426 11
1779894997955 1.44156 12
1779895006274 1.37557 13
1779895014456 1.43666 14
1779895022762 1.30525 15
1779895031136 1.29607 16
1779895039300 1.26083 17
1779895047573 1.22059 18
1779895055465 1.25748 19
1779895063391 1.22721 20
1779895071681 1.20804 21
1779895079875 1.22976 22
1779895087978 1.35698 23
1779895096254 1.18236 24
1779895103810 1.12374 25
1779895111334 1.22483 26
1779895119038 1.33739 27
1779895126668 1.12131 28
1779895134384 1.13633 29
1779895141997 1.25459 30
1779895149463 1.17017 31
1779895158932 1.25467 32
1779895169087 1.16859 33
1779895178615 1.23056 34
1779895188249 1.10349 35
1779895198033 1.21017 36
1779895207489 1.11176 37
1779895217091 1.07449 38
1779895226506 1.11146 39
1779895237118 1.17961 40
1779895246534 1.03978 41
1779895256299 1.07441 42
1779895265740 1.1083 43
1779895275714 1.14346 44
1779895285792 1.10004 45
1779895295554 0.99887 46
1779895305039 1.00312 47
1779895315018 1.09574 48
1779895325545 0.93229 49
1779895335239 1.01991 50
1779895344943 1.0129 51
1779895354466 1.02729 52
1779895363965 1.00253 53
1779895373732 1.03776 54
1779895383272 1.09618 55
1779895392914 0.97531 56
1779895402667 0.98403 57
1779895413066 0.98486 58
1779895422538 0.91017 59
1779895432273 0.91649 60
1779895441939 0.90763 61
1779895451474 0.91982 62
1779895461033 0.97612 63
1779895470791 0.95045 64
1779895480659 0.92168 65
1779895490231 0.91658 66
1779895501296 1.00026 67
1779895511387 0.90228 68
1779895521360 0.96385 69
1779895532184 1.0285 70
1779895542458 0.93535 71
1779895551612 0.91695 72
1779895560572 0.83727 73
1779895569866 0.84215 74
1779895578760 0.858 75
1779895588469 0.87359 76
1779895597144 0.83386 77
1779895606357 0.86371 78
1779895614950 0.89146 79
1779895623840 0.86164 80
1779895632196 0.86982 81
1779895642714 0.84637 82
1779895652702 0.86961 83
1779895663471 0.94039 84
1779895672632 0.97006 85
1779895681630 0.78413 86
1779895690086 0.80232 87
1779895699006 0.82633 88
1779895707520 0.76134 89
1779895716987 0.8921 90
1779895726149 0.82194 91
1779895734884 0.80875 92
1779895743541 0.87613 93
1779895752257 0.83393 94
1779895760890 0.78851 95
1779895769895 0.70744 96
1779895778302 0.75936 97
1779895787306 0.7273 98
1779895795878 0.77274 99
1779895806377 0.76623 100
1779895815583 0.76652 101
1779895830010 0.78891 102
1779895840811 0.76426 103
1779895851737 0.70453 104
1779895861592 0.79412 105
1779895871257 0.70409 106
1779895881458 0.73699 107
1779895891207 0.71335 108
1779895903897 0.76041 109
1779895914147 0.71397 110
1779895923536 0.63152 111
1779895932808 0.72551 112
1779895941414 0.71833 113
1779895951244 0.7046 114
1779895960184 0.68769 115
1779895969788 0.70329 116
1779895979359 0.65803 117
1779895988833 0.70577 118
1779895998261 0.77996 119
1779896007436 0.72396 120
1779896017397 0.66403 121
1779896025578 0.73792 122
1779896034258 0.69063 123
1779896043648 0.67174 124
1779896052864 0.64526 125
1779896064064 0.70334 126
1779896073951 0.6325 127
1779896083096 0.56835 128
1779896091494 0.59522 129
1779896101909 0.70276 130
1779896110743 0.59715 131
1779896119265 0.68189 132
1779896127988 0.6566 133
1779896137273 0.54888 134
1779896146586 0.68454 135
1779896155505 0.62527 136
1779896164537 0.58387 137
1779896173687 0.62089 138
1779896182934 0.65434 139
1779896191739 0.48967 140
1779896200323 0.44244 141
1779896208791 0.48826 142
