1779894897621 3.37967 0
1779894906931 3.22251 1
1779894914966 2.9068 2
1779894923691 2.56337 3
1779894932229 2.31843 4
1779894941078 2.20675 5
1779894948720 2.03273 6
1779894956758 2.01598 7
1779894965223 2.10296 8
1779894973412 2.06648 9
1779894981612 1.89607 10
1779894989468 1.86428 11
1779894997955 1.69429 12
1779895006274 1.74094 13
1779895014456 1.61163 14
1779895022762 1.47093 15
1779895031136 1.62858 16
1779895039300 1.76519 17
1779895047573 1.42931 18
1779895055465 1.5638 19
1779895063391 1.45281 20
1779895071681 1.3209 21
1779895079875 1.42683 22
1779895087978 1.47962 23
1779895096254 1.44353 24
1779895103810 1.28631 25
1779895111334 1.29851 26
1779895119038 1.54473 27
1779895126668 1.22197 28
1779895134384 1.23082 29
1779895141997 1.33211 30
1779895149463 1.26008 31
1779895158932 1.3519 32
1779895169087 1.35655 33
1779895178615 1.32657 34
1779895188249 1.27904 35
1779895198033 1.20532 36
1779895207489 1.1723 37
1779895217091 1.13434 38
1779895226506 1.08979 39
1779895237118 1.17952 40
1779895246534 1.12909 41
1779895256299 1.04476 42
1779895265740 1.09747 43
1779895275714 1.1489 44
1779895285792 1.06961 45
1779895295554 0.96593 46
1779895305039 1.0836 47
1779895315018 1.02929 48
1779895325545 0.94768 49
1779895335239 1.08018 50
1779895344943 1.03595 51
1779895354466 1.07154 52
1779895363965 1.02335 53
1779895373732 0.97876 54
1779895383272 1.00988 55
1779895392914 0.94287 56
1779895402667 0.97803 57
1779895413066 0.9521 58
1779895422538 1.02918 59
1779895432273 0.92184 60
1779895441939 0.91326 61
1779895451474 0.89159 62
1779895461033 0.85559 63
1779895470791 0.95545 64
1779895480659 0.91061 65
1779895490231 0.97034 66
1779895501296 0.94805 67
1779895511387 0.86542 68
1779895521360 0.85744 69
1779895532184 0.94062 70
1779895542458 0.88162 71
1779895551612 0.8196 72
1779895560572 0.82299 73
1779895569866 0.82076 74
1779895578760 0.81681 75
1779895588469 0.88894 76
1779895597144 1.16253 77
1779895606357 0.82377 78
1779895614950 0.8541 79
1779895623840 0.84442 80
1779895632196 0.84327 81
1779895642714 0.80261 82
1779895652702 0.79336 83
1779895663471 0.82691 84
1779895672632 1.14572 85
1779895681630 0.74484 86
1779895690086 0.8012 87
1779895699006 0.75798 88
1779895707520 0.70585 89
1779895716987 0.78808 90
1779895726149 0.80146 91
1779895734884 0.69842 92
1779895743541 0.86017 93
1779895752257 0.71205 94
1779895760890 0.71705 95
1779895769895 0.64523 96
1779895778302 0.68636 97
1779895787306 0.71215 98
1779895795878 0.66833 99
1779895806377 0.62911 100
1779895815583 0.71241 101
1779895830010 0.74331 102
1779895840811 0.66345 103
1779895851737 0.63162 104
1779895861592 0.68709 105
1779895871257 0.76727 106
1779895881458 0.67039 107
1779895891207 0.63295 108
1779895903897 0.69273 109
1779895914147 0.67187 110
1779895923536 0.5857 111
1779895932808 0.69246 112
1779895941414 0.63491 113
1779895951244 0.81381 114
1779895960184 0.65099 115
1779895969788 0.61805 116
1779895979359 0.67783 117
1779895988833 0.71614 118
1779895998261 0.72897 119
1779896007436 0.65718 120
1779896017397 0.64598 121
1779896025578 0.66027 122
1779896034258 0.6551 123
1779896043648 0.61138 124
1779896052864 0.6672 125
1779896064064 0.6789 126
1779896073951 0.57173 127
1779896083096 0.53731 128
1779896091494 0.66892 129
1779896101909 0.6419 130
1779896110743 0.58335 131
1779896119265 0.57746 132
1779896127988 0.56813 133
1779896137273 0.59492 134
1779896146586 0.57813 135
1779896155505 0.57846 136
1779896164537 0.59417 137
1779896173687 0.57296 138
1779896182934 0.60342 139
1779896191739 0.67227 140
1779896200323 0.64931 141
1779896208791 0.59372 142
