1779894897621 1.79607 0
1779894906931 1.62596 1
1779894914966 1.38655 2
1779894923691 1.31043 3
1779894932229 1.35872 4
1779894941078 1.46446 5
1779894948720 1.47513 6
1779894956758 1.49909 7
1779894965223 1.4879 8
1779894973412 1.47032 9
1779894981612 1.43035 10
1779894989468 1.45967 11
1779894997955 1.38277 12
1779895006274 1.38123 13
1779895014456 1.39056 14
1779895022762 1.32532 15
1779895031136 1.37088 16
1779895039300 1.29727 17
1779895047573 1.26001 18
1779895055465 1.2974 19
1779895063391 1.28409 20
1779895071681 1.23828 21
1779895079875 1.30097 22
1779895087978 1.32207 23
1779895096254 1.24583 24
1779895103810 1.20614 25
1779895111334 1.27601 26
1779895119038 1.34127 27
1779895126668 1.22996 28
1779895134384 1.22002 29
1779895141997 1.31763 30
1779895149463 1.24642 31
1779895158932 1.27151 32
1779895169087 1.25552 33
1779895178615 1.3185 34
1779895188249 1.23142 35
1779895198033 1.26846 36
1779895207489 1.21955 37
1779895217091 1.22801 38
1779895226506 1.22542 39
1779895237118 1.25273 40
1779895246534 1.19654 41
1779895256299 1.2015 42
1779895265740 1.22592 43
1779895275714 1.2149 44
1779895285792 1.20613 45
1779895295554 1.15306 46
1779895305039 1.16209 47
1779895315018 1.19314 48
1779895325545 1.1198 49
1779895335239 1.18484 50
1779895344943 1.15349 51
1779895354466 1.18115 52
1779895363965 1.14222 53
1779895373732 1.15826 54
1779895383272 1.19687 55
1779895392914 1.15071 56
1779895402667 1.14256 57
1779895413066 1.15828 58
1779895422538 1.09962 59
1779895432273 1.13577 60
1779895441939 1.11581 61
1779895451474 1.13105 62
1779895461033 1.13084 63
1779895470791 1.14857 64
1779895480659 1.15755 65
1779895490231 1.13238 66
1779895501296 1.16423 67
1779895511387 1.1145 68
1779895521360 1.17854 69
1779895532184 1.1785 70
1779895542458 1.10478 71
1779895551612 1.12725 72
1779895560572 1.09133 73
1779895569866 1.09802 74
1779895578760 1.07847 75
1779895588469 1.08492 76
1779895597144 1.01686 77
1779895606357 1.08593 78
1779895614950 1.09548 79
1779895623840 1.12149 80
1779895632196 1.10667 81
1779895642714 1.09505 82
1779895652702 1.11162 83
1779895663471 1.14352 84
1779895672632 1.14411 85
1779895681630 1.04478 86
1779895690086 1.04764 87
1779895699006 1.07255 88
1779895707520 1.01577 89
1779895716987 1.11981 90
1779895726149 1.09411 91
1779895734884 1.03716 92
1779895743541 1.11821 93
1779895752257 1.08073 94
1779895760890 1.0515 95
1779895769895 1.00294 96
1779895778302 1.04052 97
1779895787306 1.02819 98
1779895795878 1.0564 99
1779895806377 1.04198 100
1779895815583 1.06719 101
1779895830010 1.07152 102
1779895840811 1.04279 103
1779895851737 1.0428 104
1779895861592 1.07192 105
1779895871257 1.05472 106
1779895881458 1.04711 107
1779895891207 1.02348 108
1779895903897 1.07125 109
1779895914147 1.02113 110
1779895923536 0.99301 111
1779895932808 1.04854 112
1779895941414 1.03109 113
1779895951244 0.97999 114
1779895960184 1.01584 115
1779895969788 1.04546 116
1779895979359 1.00008 117
1779895988833 1.01683 118
1779895998261 1.04728 119
1779896007436 1.04157 120
1779896017397 1.00494 121
1779896025578 1.03484 122
1779896034258 1.02925 123
1779896043648 1.00513 124
1779896052864 0.9949 125
1779896064064 1.10344 126
1779896073951 0.98517 127
1779896083096 0.97803 128
1779896091494 0.95795 129
1779896101909 1.0272 130
1779896110743 0.97421 131
1779896119265 1.00931 132
1779896127988 0.99078 133
1779896137273 0.9424 134
1779896146586 1.01628 135
1779896155505 0.95931 136
1779896164537 0.99805 137
1779896173687 0.99027 138
1779896182934 1.00852 139
1779896191739 0.83938 140
1779896200323 0.79671 141
1779896208791 0.87515 142
