1780591289750 0.00025721999999999995 0
1780591364585 0.0005025578650000001 1
1780591438732 0.00072101624 2
1780591512792 0.000912595125 3
1780591586448 0.0010772945199999998 4
1780591659221 0.0010753224999999998 5
1780591731639 0.001004587 6
1780591804279 0.0009338514999999999 7
1780591876124 0.0008631159999999999 8
1780591948932 0.0007923804999999999 9
1780592020510 0.0007216449999999999 10
1780592091742 0.0006509094999999999 11
1780592162609 0.000580174 12
1780592233896 0.0005094384999999999 13
1780592304911 0.00043870300000000003 14
1780592376084 0.0003679675 15
1780592447606 0.0002972319999999999 16
1780592518860 0.00022649650000000003 17
1780592589946 0.00015576099999999995 18
1780592661155 8.502550000000006e-05 19
