1780592920348 0.38884 0
1780592993589 0.4702 1
1780593065974 0.51572 2
1780593138605 0.32871 3
1780593210666 0.51218 4
1780593282267 0.18285 5
1780593354048 0.31 6
1780593427109 0.58483 7
1780593499757 0.44576 8
1780593572360 0.58692 9
1780593643770 0.66066 10
1780593715023 0.69931 11
1780593785857 0.76362 12
1780593856863 0.7685 13
1780593928047 0.78228 14
1780593998795 0.75746 15
1780594069393 0.7561 16
1780594139791 0.77337 17
1780594210749 0.79137 18
1780594282039 0.79026 19
1780594287431 0.7913702380952381 19
