1780592920348 0.00722 0
1780592993589 0.00771 1
1780593065974 1.0 2
1780593138605 0.66894 3
1780593210666 0.80731 4
1780593282267 0.4759 5
1780593354048 0.52202 6
1780593427109 0.85272 7
1780593499757 0.94052 8
1780593572360 0.71002 9
1780593643770 0.77374 10
1780593715023 0.98915 11
1780593785857 0.98179 12
1780593856863 0.96043 13
1780593928047 0.99507 14
1780593998795 0.99288 15
1780594069393 0.99181 16
1780594139791 0.99237 17
1780594210749 0.99442 18
1780594282039 0.99084 19
1780594287431 0.9943731733161414 19
