1780586488287 0.38017 0
1780586524870 0.32491 1
1780586560762 0.64574 2
1780586584612 0.37084 3
1780586608680 0.42416 4
1780586633821 0.63319 5
1780586657969 0.66149 6
1780586684092 0.68449 7
1780586714593 0.62091 8
1780586742183 0.65489 9
1780586767148 0.73442 10
1780586794028 0.65553 11
1780586820792 0.73403 12
1780586845721 0.72594 13
1780586870262 0.71462 14
1780586897853 0.72232 15
1780586922845 0.69104 16
1780586948684 0.75496 17
1780586975098 0.75974 18
1780587000317 0.71153 19
1780587025611 0.7322 20
1780587052776 0.757 21
1780587077231 0.74388 22
1780587102538 0.74725 23
1780587126820 0.68719 24
1780587152269 0.75838 25
1780587177570 0.76329 26
1780587204428 0.74055 27
1780587230788 0.76729 28
1780587256489 0.72666 29
1780587285897 0.76398 30
1780587312480 0.79445 31
1780587337491 0.75017 32
1780587364175 0.77581 33
1780587388556 0.74302 34
1780587414351 0.73881 35
1780587443624 0.74452 36
1780587469511 0.73184 37
1780587496102 0.77667 38
1780587521075 0.78252 39
1780587548173 0.72186 40
1780587577075 0.761 41
1780587604960 0.80525 42
1780587629648 0.79105 43
1780587659176 0.76695 44
1780587685715 0.82006 45
1780587711019 0.78363 46
1780587737097 0.74667 47
1780587762667 0.75199 48
1780587788488 0.77203 49
1780587813736 0.77416 50
1780587838371 0.76821 51
1780587864134 0.78696 52
1780587889381 0.78223 53
1780587914612 0.74782 54
1780587940898 0.80359 55
1780587965937 0.79062 56
1780587989806 0.74205 57
1780588015342 0.74228 58
1780588041514 0.78684 59
1780588069197 0.79573 60
1780588093653 0.76316 61
1780588119122 0.76377 62
1780588146244 0.76841 63
1780588171968 0.75456 64
1780588198719 0.76638 65
1780588223258 0.78694 66
1780588247435 0.76032 67
1780588273452 0.77055 68
1780588297952 0.76864 69
1780588322116 0.76072 70
1780588346960 0.76157 71
1780588371792 0.76757 72
1780588397297 0.78157 73
1780588423138 0.7818 74
1780588448331 0.78073 75
1780588452482 0.8200628787878791 75
