1780586488287 0.60606 0
1780586524870 0.53916 1
1780586560762 0.90445 2
1780586584612 0.74194 3
1780586608680 0.64273 4
1780586633821 0.9593 5
1780586657969 0.96721 6
1780586684092 0.995 7
1780586714593 0.92214 8
1780586742183 0.97667 9
1780586767148 0.96637 10
1780586794028 0.94869 11
1780586820792 0.995 12
1780586845721 0.995 13
1780586870262 0.995 14
1780586897853 0.995 15
1780586922845 0.995 16
1780586948684 0.987 17
1780586975098 0.9925 18
1780587000317 0.98441 19
1780587025611 0.9925 20
1780587052776 0.9925 21
1780587077231 0.995 22
1780587102538 0.995 23
1780587126820 0.995 24
1780587152269 0.995 25
1780587177570 0.995 26
1780587204428 0.995 27
1780587230788 0.995 28
1780587256489 0.9925 29
1780587285897 0.995 30
1780587312480 0.995 31
1780587337491 0.995 32
1780587364175 0.995 33
1780587388556 0.995 34
1780587414351 0.995 35
1780587443624 0.995 36
1780587469511 0.995 37
1780587496102 0.995 38
1780587521075 0.995 39
1780587548173 0.995 40
1780587577075 0.995 41
1780587604960 0.9925 42
1780587629648 0.995 43
1780587659176 0.995 44
1780587685715 0.995 45
1780587711019 0.995 46
1780587737097 0.995 47
1780587762667 0.995 48
1780587788488 0.995 49
1780587813736 0.9925 50
1780587838371 0.995 51
1780587864134 0.995 52
1780587889381 0.995 53
1780587914612 0.9925 54
1780587940898 0.995 55
1780587965937 0.995 56
1780587989806 0.995 57
1780588015342 0.995 58
1780588041514 0.995 59
1780588069197 0.995 60
1780588093653 0.995 61
1780588119122 0.995 62
1780588146244 0.995 63
1780588171968 0.995 64
1780588198719 0.995 65
1780588223258 0.995 66
1780588247435 0.995 67
1780588273452 0.995 68
1780588297952 0.995 69
1780588322116 0.995 70
1780588346960 0.995 71
1780588371792 0.995 72
1780588397297 0.995 73
1780588423138 0.995 74
1780588448331 0.995 75
1780588452482 0.995 75
