1780586488287 0.00348 0
1780586524870 0.55525 1
1780586560762 0.85831 2
1780586584612 0.54202 3
1780586608680 0.48101 4
1780586633821 0.81972 5
1780586657969 0.8578 6
1780586684092 0.99821 7
1780586714593 0.80949 8
1780586742183 0.92561 9
1780586767148 0.89865 10
1780586794028 0.87121 11
1780586820792 0.98333 12
1780586845721 0.98793 13
1780586870262 0.97784 14
1780586897853 0.98287 15
1780586922845 0.98006 16
1780586948684 0.9655 17
1780586975098 0.98422 18
1780587000317 0.98661 19
1780587025611 0.98438 20
1780587052776 0.98618 21
1780587077231 0.99434 22
1780587102538 0.97876 23
1780587126820 0.97748 24
1780587152269 0.9875 25
1780587177570 0.987 26
1780587204428 0.98911 27
1780587230788 0.99115 28
1780587256489 0.98979 29
1780587285897 0.98815 30
1780587312480 0.99169 31
1780587337491 0.98006 32
1780587364175 0.98936 33
1780587388556 0.99496 34
1780587414351 0.99395 35
1780587443624 0.99145 36
1780587469511 0.99406 37
1780587496102 0.99272 38
1780587521075 0.98808 39
1780587548173 0.98712 40
1780587577075 0.99429 41
1780587604960 0.98961 42
1780587629648 0.98891 43
1780587659176 0.98813 44
1780587685715 0.98076 45
1780587711019 0.90094 46
1780587737097 0.98301 47
1780587762667 0.99222 48
1780587788488 0.98558 49
1780587813736 0.97782 50
1780587838371 0.98333 51
1780587864134 0.99231 52
1780587889381 0.98965 53
1780587914612 0.99121 54
1780587940898 0.9869 55
1780587965937 0.98798 56
1780587989806 0.99073 57
1780588015342 0.99228 58
1780588041514 0.99266 59
1780588069197 0.99551 60
1780588093653 0.99413 61
1780588119122 0.99296 62
1780588146244 0.98927 63
1780588171968 0.98983 64
1780588198719 0.99194 65
1780588223258 0.9844 66
1780588247435 0.98998 67
1780588273452 0.98973 68
1780588297952 0.99115 69
1780588322116 0.99284 70
1780588346960 0.98698 71
1780588371792 0.9866 72
1780588397297 0.98953 73
1780588423138 0.98629 74
1780588448331 0.99479 75
1780588452482 0.980729153967094 75
