1780586488287 1.0 0
1780586524870 0.47856 1
1780586560762 0.77021 2
1780586584612 0.68429 3
1780586608680 0.69697 4
1780586633821 0.94763 5
1780586657969 0.90105 6
1780586684092 0.99875 7
1780586714593 0.9697 8
1780586742183 0.9541 9
1780586767148 0.91795 10
1780586794028 0.80962 11
1780586820792 0.99585 12
1780586845721 0.97699 13
1780586870262 1.0 14
1780586897853 0.99388 15
1780586922845 0.99439 16
1780586948684 0.95054 17
1780586975098 0.9697 18
1780587000317 0.9697 19
1780587025611 0.9697 20
1780587052776 0.9697 21
1780587077231 0.98258 22
1780587102538 0.99588 23
1780587126820 1.0 24
1780587152269 1.0 25
1780587177570 1.0 26
1780587204428 1.0 27
1780587230788 0.97689 28
1780587256489 0.9697 29
1780587285897 0.97106 30
1780587312480 1.0 31
1780587337491 0.99652 32
1780587364175 0.97239 33
1780587388556 0.97629 34
1780587414351 0.97879 35
1780587443624 1.0 36
1780587469511 0.97597 37
1780587496102 0.97252 38
1780587521075 1.0 39
1780587548173 0.99776 40
1780587577075 0.97151 41
1780587604960 0.9697 42
1780587629648 1.0 43
1780587659176 1.0 44
1780587685715 0.99425 45
1780587711019 0.97696 46
1780587737097 0.99598 47
1780587762667 0.97932 48
1780587788488 0.97851 49
1780587813736 0.9697 50
1780587838371 0.97764 51
1780587864134 0.97539 52
1780587889381 0.9717 53
1780587914612 0.9697 54
1780587940898 0.98206 55
1780587965937 0.98672 56
1780587989806 0.97918 57
1780588015342 0.97169 58
1780588041514 0.97276 59
1780588069197 0.97257 60
1780588093653 0.97364 61
1780588119122 1.0 62
1780588146244 1.0 63
1780588171968 0.98131 64
1780588198719 0.97686 65
1780588223258 1.0 66
1780588247435 1.0 67
1780588273452 1.0 68
1780588297952 1.0 69
1780588322116 1.0 70
1780588346960 1.0 71
1780588371792 1.0 72
1780588397297 0.99737 73
1780588423138 0.99751 74
1780588448331 1.0 75
1780588452482 0.9942355636924848 75
