1780594955180 0.38884 0
1780595032268 0.4702 1
1780595114253 0.51572 2
1780595205678 0.32871 3
1780595293104 0.51218 4
1780595377684 0.18285 5
1780595467621 0.31 6
1780595551370 0.58483 7
1780595630247 0.44576 8
1780595707466 0.58692 9
1780595791661 0.66066 10
1780595873257 0.69931 11
1780595953359 0.76362 12
1780596031658 0.7685 13
1780596108860 0.78228 14
1780596187928 0.75746 15
1780596268341 0.7561 16
1780596348888 0.77337 17
1780596427813 0.79137 18
1780596502808 0.79026 19
1780596508498 0.7913702380952381 19
