1780594955180 0.00722 0
1780595032268 0.00771 1
1780595114253 1.0 2
1780595205678 0.66894 3
1780595293104 0.80731 4
1780595377684 0.4759 5
1780595467621 0.52202 6
1780595551370 0.85272 7
1780595630247 0.94052 8
1780595707466 0.71002 9
1780595791661 0.77374 10
1780595873257 0.98915 11
1780595953359 0.98179 12
1780596031658 0.96043 13
1780596108860 0.99507 14
1780596187928 0.99288 15
1780596268341 0.99181 16
1780596348888 0.99237 17
1780596427813 0.99442 18
1780596502808 0.99084 19
1780596508498 0.9943731733161414 19
