1780591294139 0.38884 0
1780591368794 0.4702 1
1780591442682 0.51572 2
1780591516688 0.32871 3
1780591590000 0.51218 4
1780591662704 0.18285 5
1780591735158 0.31 6
1780591807734 0.58483 7
1780591879730 0.44576 8
1780591952373 0.58692 9
1780592023969 0.66066 10
1780592095124 0.69931 11
1780592166008 0.76362 12
1780592237305 0.7685 13
1780592308368 0.78228 14
1780592379579 0.75746 15
1780592451003 0.7561 16
1780592522365 0.77337 17
1780592593575 0.79137 18
1780592664512 0.79026 19
1780592669903 0.7913702380952381 19
