1780591294139 0.00722 0
1780591368794 0.00771 1
1780591442682 1.0 2
1780591516688 0.66894 3
1780591590000 0.80731 4
1780591662704 0.4759 5
1780591735158 0.52202 6
1780591807734 0.85272 7
1780591879730 0.94052 8
1780591952373 0.71002 9
1780592023969 0.77374 10
1780592095124 0.98915 11
1780592166008 0.98179 12
1780592237305 0.96043 13
1780592308368 0.99507 14
1780592379579 0.99288 15
1780592451003 0.99181 16
1780592522365 0.99237 17
1780592593575 0.99442 18
1780592664512 0.99084 19
1780592669903 0.9943731733161414 19
