1780594949896 0.00025721999999999995 0
1780595027522 0.0005025578650000001 1
1780595109720 0.00072101624 2
1780595201276 0.000912595125 3
1780595288927 0.0010772945199999998 4
1780595373662 0.0010753224999999998 5
1780595463584 0.001004587 6
1780595547565 0.0009338514999999999 7
1780595626063 0.0008631159999999999 8
1780595703855 0.0007923804999999999 9
1780595787878 0.0007216449999999999 10
1780595869068 0.0006509094999999999 11
1780595949550 0.000580174 12
1780596027945 0.0005094384999999999 13
1780596105312 0.00043870300000000003 14
1780596183736 0.0003679675 15
1780596264553 0.0002972319999999999 16
1780596345169 0.00022649650000000003 17
1780596424282 0.00015576099999999995 18
1780596499293 8.502550000000006e-05 19
