1779894897621 0.00015718999999999998 0
1779894906931 0.00032650077799999995 1
1779894914966 0.00049354802 2
1779894923691 0.000658331726 3
1779894932229 0.000820851896 4
1779894941078 0.00098110853 5
1779894948720 0.0011391016279999999 6
1779894956758 0.0012948311899999999 7
1779894965223 0.0013535488 8
1779894973412 0.0013441173999999998 9
1779894981612 0.001334686 10
1779894989468 0.0013252545999999999 11
1779894997955 0.0013158232 12
1779895006274 0.0013063918 13
1779895014456 0.0012969604 14
1779895022762 0.001287529 15
1779895031136 0.0012780976 16
1779895039300 0.0012686662 17
1779895047573 0.0012592348 18
1779895055465 0.0012498033999999998 19
1779895063391 0.001240372 20
1779895071681 0.0012309405999999998 21
1779895079875 0.0012215091999999998 22
1779895087978 0.0012120778 23
1779895096254 0.0012026464 24
1779895103810 0.001193215 25
1779895111334 0.0011837835999999999 26
1779895119038 0.0011743522 27
1779895126668 0.0011649208 28
1779895134384 0.0011554894 29
1779895141997 0.001146058 30
1779895149463 0.0011366266 31
1779895158932 0.0011271952 32
1779895169087 0.0011177638 33
1779895178615 0.0011083324 34
1779895188249 0.0010989009999999998 35
1779895198033 0.0010894695999999998 36
1779895207489 0.0010800381999999998 37
1779895217091 0.0010706067999999998 38
1779895226506 0.0010611754 39
1779895237118 0.001051744 40
1779895246534 0.0010423126 41
1779895256299 0.0010328811999999999 42
1779895265740 0.0010234498000000001 43
1779895275714 0.0010140184 44
1779895285792 0.001004587 45
1779895295554 0.0009951556 46
1779895305039 0.0009857242 47
1779895315018 0.0009762927999999999 48
1779895325545 0.0009668613999999999 49
1779895335239 0.00095743 50
1779895344943 0.0009479985999999998 51
1779895354466 0.0009385671999999999 52
1779895363965 0.0009291358000000002 53
1779895373732 0.0009197044000000001 54
1779895383272 0.000910273 55
1779895392914 0.0009008416000000001 56
1779895402667 0.0008914102 57
1779895413066 0.0008819787999999999 58
1779895422538 0.0008725474 59
1779895432273 0.0008631159999999999 60
1779895441939 0.0008536845999999998 61
1779895451474 0.0008442532 62
1779895461033 0.0008348218000000001 63
1779895470791 0.0008253903999999998 64
1779895480659 0.0008159589999999999 65
1779895490231 0.0008065276 66
1779895501296 0.0007970961999999999 67
1779895511387 0.0007876648 68
1779895521360 0.0007782334000000001 69
1779895532184 0.000768802 70
1779895542458 0.0007593706 71
1779895551612 0.0007499392 72
1779895560572 0.0007405078 73
1779895569866 0.0007310763999999999 74
1779895578760 0.0007216449999999999 75
1779895588469 0.0007122135999999999 76
1779895597144 0.0007027822 77
1779895606357 0.0006933508 78
1779895614950 0.0006839194000000001 79
1779895623840 0.000674488 80
1779895632196 0.0006650565999999999 81
1779895642714 0.0006556252 82
1779895652702 0.0006461937999999999 83
1779895663471 0.0006367623999999998 84
1779895672632 0.000627331 85
1779895681630 0.0006178995999999999 86
1779895690086 0.0006084682000000001 87
1779895699006 0.0005990368 88
1779895707520 0.0005896053999999999 89
1779895716987 0.000580174 90
1779895726149 0.0005707425999999999 91
1779895734884 0.0005613112000000001 92
1779895743541 0.0005518798 93
1779895752257 0.0005424484 94
1779895760890 0.0005330170000000001 95
1779895769895 0.0005235856 96
1779895778302 0.0005141542 97
1779895787306 0.0005047228 98
1779895795878 0.0004952913999999999 99
1779895806377 0.00048586 100
1779895815583 0.0004764285999999999 101
1779895830010 0.00046699719999999993 102
1779895840811 0.00045756580000000006 103
1779895851737 0.00044813439999999996 104
1779895861592 0.00043870300000000003 105
1779895871257 0.0004292716 106
1779895881458 0.0004198401999999999 107
1779895891207 0.0004104088 108
1779895903897 0.0004009774 109
1779895914147 0.0003915460000000001 110
1779895923536 0.0003821146 111
1779895932808 0.00037268319999999997 112
1779895941414 0.00036325180000000004 113
1779895951244 0.00035382039999999994 114
1779895960184 0.00034438899999999996 115
1779895969788 0.0003349576 116
1779895979359 0.00032552619999999993 117
1779895988833 0.00031609480000000006 118
1779895998261 0.0003066634 119
1779896007436 0.0002972319999999999 120
1779896017397 0.00028780060000000004 121
1779896025578 0.0002783692 122
1779896034258 0.0002689378000000001 123
1779896043648 0.0002595064 124
1779896052864 0.00025007499999999994 125
1779896064064 0.00024064360000000006 126
1779896073951 0.0002312122 127
1779896083096 0.00022178079999999993 128
1779896091494 0.0002123494 129
1779896101909 0.00020291799999999998 130
1779896110743 0.00019348660000000005 131
1779896119265 0.00018405519999999999 132
1779896127988 0.00017462379999999992 133
1779896137273 0.00016519240000000001 134
1779896146586 0.00015576099999999995 135
1779896155505 0.00014632960000000007 136
1779896164537 0.00013689819999999998 137
1779896173687 0.00012746679999999994 138
1779896182934 0.00011803540000000002 139
1779896191739 0.00010860399999999998 140
1779896200323 9.917260000000006e-05 141
1779896208791 8.974120000000001e-05 142
