1779894898532 0.15266 0
1779894907865 0.36228 1
1779894916041 0.43756 2
1779894924606 0.4098 3
1779894933419 0.45541 4
1779894942013 0.56984 5
1779894949609 0.32919 6
1779894957723 0.43661 7
1779894966100 0.41213 8
1779894974281 0.4619 9
1779894982615 0.42157 10
1779894990545 0.49969 11
1779894998896 0.50162 12
1779895007183 0.46949 13
1779895015377 0.6009 14
1779895023725 0.60964 15
1779895032018 0.51279 16
1779895040321 0.52344 17
1779895048497 0.57639 18
1779895056461 0.52616 19
1779895064375 0.61554 20
1779895072578 0.62048 21
1779895080978 0.58185 22
1779895088880 0.67056 23
1779895097167 0.69356 24
1779895104673 0.66629 25
1779895112205 0.65928 26
1779895119940 0.64105 27
1779895127552 0.6178 28
1779895135243 0.63656 29
1779895142855 0.55186 30
1779895150328 0.57682 31
1779895160224 0.66983 32
1779895170197 0.66817 33
1779895179659 0.66746 34
1779895189352 0.68183 35
1779895199097 0.63214 36
1779895208547 0.59577 37
1779895218186 0.642 38
1779895227570 0.5961 39
1779895238211 0.71835 40
1779895247604 0.74365 41
1779895257345 0.75288 42
1779895266832 0.72157 43
1779895276829 0.7254 44
1779895286889 0.67457 45
1779895296652 0.62312 46
1779895306066 0.63419 47
1779895316154 0.66856 48
1779895326633 0.67661 49
1779895336283 0.68173 50
1779895345995 0.66891 51
1779895355514 0.70939 52
1779895365031 0.7097 53
1779895374795 0.71364 54
1779895384354 0.712 55
1779895393945 0.70654 56
1779895403836 0.71581 57
1779895414130 0.71909 58
1779895423574 0.68775 59
1779895433377 0.65067 60
1779895443000 0.66142 61
1779895452582 0.69154 62
1779895462076 0.69713 63
1779895471907 0.702 64
1779895481692 0.69019 65
1779895491270 0.69361 66
1779895502337 0.67996 67
1779895512440 0.68971 68
1779895522472 0.68282 69
1779895533298 0.6811 70
1779895543602 0.67253 71
1779895552567 0.66167 72
1779895561640 0.67167 73
1779895570824 0.68133 74
1779895579826 0.68937 75
1779895589572 0.65079 76
1779895598131 0.64479 77
1779895607379 0.71883 78
1779895615994 0.70654 79
1779895624763 0.70913 80
1779895633208 0.72633 81
1779895643759 0.7079 82
1779895653813 0.70632 83
1779895664488 0.72843 84
1779895673625 0.71743 85
1779895682569 0.69046 86
1779895691055 0.67229 87
1779895700058 0.68089 88
1779895708524 0.66839 89
1779895717957 0.68849 90
1779895727174 0.6709 91
1779895735826 0.67846 92
1779895744522 0.66064 93
1779895753218 0.66894 94
1779895761896 0.67465 95
1779895770868 0.66177 96
1779895779259 0.66975 97
1779895788267 0.65007 98
1779895796952 0.66279 99
1779895807396 0.65437 100
1779895817409 0.65029 101
1779895831392 0.65722 102
1779895841816 0.65654 103
1779895852752 0.65025 104
1779895862684 0.66757 105
1779895872340 0.72631 106
1779895882715 0.71585 107
1779895892225 0.70626 108
1779895905210 0.71871 109
1779895915186 0.70093 110
1779895924559 0.6775 111
1779895933806 0.69451 112
1779895942372 0.69383 113
1779895952314 0.71033 114
1779895961263 0.68149 115
1779895970951 0.71049 116
1779895980368 0.71049 117
1779895989903 0.71201 118
1779895999206 0.71763 119
1779896008534 0.70938 120
1779896018314 0.7121 121
1779896026533 0.7266 122
1779896035225 0.72864 123
1779896044583 0.70575 124
1779896053808 0.70575 125
1779896065054 0.68432 126
1779896074974 0.67746 127
1779896084004 0.69196 128
1779896092597 0.68779 129
1779896102949 0.68015 130
1779896111860 0.69526 131
1779896120423 0.70556 132
1779896129017 0.71042 133
1779896138299 0.73119 134
1779896147654 0.72356 135
1779896156573 0.73536 136
1779896165488 0.72772 137
1779896174681 0.73071 138
1779896183871 0.70576 139
1779896192731 0.68642 140
1779896201288 0.70143 141
1779896209811 0.70429 142
1779896214463 0.7528750000000002 142
