1779894898532 0.38691 0
1779894907865 0.58943 1
1779894916041 0.77361 2
1779894924606 0.75839 3
1779894933419 0.75745 4
1779894942013 0.91167 5
1779894949609 0.70489 6
1779894957723 0.79095 7
1779894966100 0.75663 8
1779894974281 0.80931 9
1779894982615 0.73273 10
1779894990545 0.76076 11
1779894998896 0.84588 12
1779895007183 0.80571 13
1779895015377 0.87595 14
1779895023725 0.85159 15
1779895032018 0.69422 16
1779895040321 0.79475 17
1779895048497 0.89037 18
1779895056461 0.87556 19
1779895064375 0.97833 20
1779895072578 0.95929 21
1779895080978 0.92357 22
1779895088880 0.94639 23
1779895097167 0.995 24
1779895104673 0.95929 25
1779895112205 0.92787 26
1779895119940 0.91537 27
1779895127552 0.91537 28
1779895135243 0.92595 29
1779895142855 0.89222 30
1779895150328 0.92357 31
1779895160224 0.97833 32
1779895170197 0.995 33
1779895179659 0.995 34
1779895189352 0.995 35
1779895199097 0.995 36
1779895208547 0.995 37
1779895218186 0.995 38
1779895227570 0.995 39
1779895238211 0.995 40
1779895247604 0.97833 41
1779895257345 0.97833 42
1779895266832 0.97833 43
1779895276829 0.97833 44
1779895286889 0.96167 45
1779895296652 0.995 46
1779895306066 0.995 47
1779895316154 0.995 48
1779895326633 0.995 49
1779895336283 0.995 50
1779895345995 0.995 51
1779895355514 0.995 52
1779895365031 0.995 53
1779895374795 0.995 54
1779895384354 0.995 55
1779895393945 0.995 56
1779895403836 0.995 57
1779895414130 0.995 58
1779895423574 0.995 59
1779895433377 0.995 60
1779895443000 0.995 61
1779895452582 0.995 62
1779895462076 0.995 63
1779895471907 0.995 64
1779895481692 0.995 65
1779895491270 0.995 66
1779895502337 0.995 67
1779895512440 0.995 68
1779895522472 0.95929 69
1779895533298 0.95929 70
1779895543602 0.97833 71
1779895552567 0.995 72
1779895561640 0.995 73
1779895570824 0.995 74
1779895579826 0.995 75
1779895589572 0.995 76
1779895598131 0.995 77
1779895607379 0.995 78
1779895615994 0.995 79
1779895624763 0.995 80
1779895633208 0.995 81
1779895643759 0.995 82
1779895653813 0.995 83
1779895664488 0.995 84
1779895673625 0.995 85
1779895682569 0.995 86
1779895691055 0.995 87
1779895700058 0.995 88
1779895708524 0.995 89
1779895717957 0.995 90
1779895727174 0.995 91
1779895735826 0.995 92
1779895744522 0.995 93
1779895753218 0.995 94
1779895761896 0.995 95
1779895770868 0.995 96
1779895779259 0.995 97
1779895788267 0.995 98
1779895796952 0.995 99
1779895807396 0.995 100
1779895817409 0.995 101
1779895831392 0.995 102
1779895841816 0.995 103
1779895852752 0.995 104
1779895862684 0.995 105
1779895872340 0.995 106
1779895882715 0.995 107
1779895892225 0.995 108
1779895905210 0.995 109
1779895915186 0.995 110
1779895924559 0.995 111
1779895933806 0.995 112
1779895942372 0.995 113
1779895952314 0.995 114
1779895961263 0.995 115
1779895970951 0.995 116
1779895980368 0.995 117
1779895989903 0.995 118
1779895999206 0.995 119
1779896008534 0.995 120
1779896018314 0.995 121
1779896026533 0.995 122
1779896035225 0.995 123
1779896044583 0.995 124
1779896053808 0.995 125
1779896065054 0.995 126
1779896074974 0.995 127
1779896084004 0.995 128
1779896092597 0.995 129
1779896102949 0.995 130
1779896111860 0.995 131
1779896120423 0.995 132
1779896129017 0.995 133
1779896138299 0.995 134
1779896147654 0.995 135
1779896156573 0.995 136
1779896165488 0.995 137
1779896174681 0.995 138
1779896183871 0.995 139
1779896192731 0.995 140
1779896201288 0.995 141
1779896209811 0.995 142
1779896214463 0.9783333333333334 142
