1779894898532 0.00508 0
1779894907865 0.00541 1
1779894916041 0.004 2
1779894924606 0.00349 3
1779894933419 0.37014 4
1779894942013 0.8153 5
1779894949609 0.67485 6
1779894957723 0.74922 7
1779894966100 0.56809 8
1779894974281 0.78704 9
1779894982615 0.71396 10
1779894990545 0.76735 11
1779894998896 0.62059 12
1779895007183 0.647 13
1779895015377 0.76881 14
1779895023725 0.8035 15
1779895032018 0.91708 16
1779895040321 0.70606 17
1779895048497 0.85544 18
1779895056461 0.54804 19
1779895064375 0.74077 20
1779895072578 0.91578 21
1779895080978 0.59637 22
1779895088880 0.95447 23
1779895097167 0.98757 24
1779895104673 0.94208 25
1779895112205 0.95452 26
1779895119940 0.92709 27
1779895127552 0.817 28
1779895135243 0.80286 29
1779895142855 0.77047 30
1779895150328 0.79214 31
1779895160224 0.92789 32
1779895170197 0.96829 33
1779895179659 0.95721 34
1779895189352 0.9601 35
1779895199097 0.95759 36
1779895208547 0.92511 37
1779895218186 0.96409 38
1779895227570 0.98631 39
1779895238211 0.98664 40
1779895247604 0.90102 41
1779895257345 0.90121 42
1779895266832 0.86112 43
1779895276829 0.89944 44
1779895286889 0.91787 45
1779895296652 0.98435 46
1779895306066 0.98011 47
1779895316154 0.97544 48
1779895326633 0.96919 49
1779895336283 0.92208 50
1779895345995 0.89774 51
1779895355514 0.88304 52
1779895365031 0.97855 53
1779895374795 0.94574 54
1779895384354 0.87907 55
1779895393945 0.93642 56
1779895403836 0.95316 57
1779895414130 0.98144 58
1779895423574 0.95521 59
1779895433377 0.98366 60
1779895443000 0.98409 61
1779895452582 0.97358 62
1779895462076 0.96515 63
1779895471907 0.94651 64
1779895481692 0.92819 65
1779895491270 0.96806 66
1779895502337 0.97288 67
1779895512440 0.95208 68
1779895522472 0.95484 69
1779895533298 0.97406 70
1779895543602 0.95765 71
1779895552567 0.83633 72
1779895561640 0.98191 73
1779895570824 0.84434 74
1779895579826 0.97858 75
1779895589572 0.97702 76
1779895598131 0.93825 77
1779895607379 0.96601 78
1779895615994 0.97252 79
1779895624763 0.96414 80
1779895633208 0.96425 81
1779895643759 0.9564 82
1779895653813 0.96154 83
1779895664488 0.98181 84
1779895673625 0.98347 85
1779895682569 0.98661 86
1779895691055 0.98658 87
1779895700058 0.98431 88
1779895708524 0.97758 89
1779895717957 0.95833 90
1779895727174 0.96121 91
1779895735826 0.96269 92
1779895744522 0.96624 93
1779895753218 0.95471 94
1779895761896 0.96562 95
1779895770868 0.97702 96
1779895779259 0.98341 97
1779895788267 0.98814 98
1779895796952 0.98361 99
1779895807396 0.97387 100
1779895817409 0.97013 101
1779895831392 0.97855 102
1779895841816 0.98441 103
1779895852752 0.98862 104
1779895862684 0.98871 105
1779895872340 0.98753 106
1779895882715 0.98789 107
1779895892225 0.98588 108
1779895905210 0.98402 109
1779895915186 0.98367 110
1779895924559 0.98697 111
1779895933806 0.98612 112
1779895942372 0.98492 113
1779895952314 0.98377 114
1779895961263 0.98512 115
1779895970951 0.98369 116
1779895980368 0.98157 117
1779895989903 0.97851 118
1779895999206 0.9772 119
1779896008534 0.97806 120
1779896018314 0.97989 121
1779896026533 0.98788 122
1779896035225 0.98935 123
1779896044583 0.98893 124
1779896053808 0.98817 125
1779896065054 0.98606 126
1779896074974 0.98509 127
1779896084004 0.98292 128
1779896092597 0.982 129
1779896102949 0.98296 130
1779896111860 0.98353 131
1779896120423 0.98413 132
1779896129017 0.9825 133
1779896138299 0.97697 134
1779896147654 0.97833 135
1779896156573 0.97807 136
1779896165488 0.98437 137
1779896174681 0.98673 138
1779896183871 0.98689 139
1779896192731 0.98752 140
1779896201288 0.98734 141
1779896209811 0.98615 142
1779896214463 0.9007709892619742 142
