1779894898532 1.0 0
1779894907865 1.0 1
1779894916041 1.0 2
1779894924606 1.0 3
1779894933419 0.85692 4
1779894942013 0.63092 5
1779894949609 0.66667 6
1779894957723 0.80597 7
1779894966100 0.78923 8
1779894974281 0.73018 9
1779894982615 0.81593 10
1779894990545 0.66667 11
1779894998896 0.91667 12
1779895007183 0.68586 13
1779895015377 0.88751 14
1779895023725 0.77273 15
1779895032018 0.62282 16
1779895040321 0.7332 17
1779895048497 0.61256 18
1779895056461 0.80376 19
1779895064375 0.90175 20
1779895072578 0.7563 21
1779895080978 0.97844 22
1779895088880 0.69303 23
1779895097167 0.96534 24
1779895104673 0.91667 25
1779895112205 0.82547 26
1779895119940 0.8223 27
1779895127552 0.91667 28
1779895135243 0.96297 29
1779895142855 0.96562 30
1779895150328 0.96451 31
1779895160224 0.91667 32
1779895170197 1.0 33
1779895179659 1.0 34
1779895189352 1.0 35
1779895199097 0.94188 36
1779895208547 0.95411 37
1779895218186 1.0 38
1779895227570 0.99182 39
1779895238211 0.99568 40
1779895247604 1.0 41
1779895257345 0.94158 42
1779895266832 0.98828 43
1779895276829 0.93306 44
1779895286889 1.0 45
1779895296652 1.0 46
1779895306066 1.0 47
1779895316154 1.0 48
1779895326633 0.99341 49
1779895336283 0.99074 50
1779895345995 0.98038 51
1779895355514 0.9728 52
1779895365031 0.92687 53
1779895374795 0.92004 54
1779895384354 0.99156 55
1779895393945 0.94645 56
1779895403836 0.96811 57
1779895414130 1.0 58
1779895423574 1.0 59
1779895433377 1.0 60
1779895443000 1.0 61
1779895452582 1.0 62
1779895462076 1.0 63
1779895471907 0.99306 64
1779895481692 0.97253 65
1779895491270 0.92306 66
1779895502337 0.91984 67
1779895512440 0.91816 68
1779895522472 0.91334 69
1779895533298 0.91667 70
1779895543602 0.91408 71
1779895552567 0.98239 72
1779895561640 0.84884 73
1779895570824 1.0 74
1779895579826 0.85666 75
1779895589572 0.85517 76
1779895598131 0.99697 77
1779895607379 1.0 78
1779895615994 1.0 79
1779895624763 1.0 80
1779895633208 1.0 81
1779895643759 1.0 82
1779895653813 1.0 83
1779895664488 1.0 84
1779895673625 1.0 85
1779895682569 1.0 86
1779895691055 1.0 87
1779895700058 1.0 88
1779895708524 1.0 89
1779895717957 0.99629 90
1779895727174 0.96117 91
1779895735826 0.95721 92
1779895744522 0.95667 93
1779895753218 0.98353 94
1779895761896 0.99536 95
1779895770868 0.99997 96
1779895779259 1.0 97
1779895788267 1.0 98
1779895796952 1.0 99
1779895807396 1.0 100
1779895817409 1.0 101
1779895831392 1.0 102
1779895841816 1.0 103
1779895852752 1.0 104
1779895862684 1.0 105
1779895872340 1.0 106
1779895882715 1.0 107
1779895892225 1.0 108
1779895905210 1.0 109
1779895915186 1.0 110
1779895924559 1.0 111
1779895933806 1.0 112
1779895942372 1.0 113
1779895952314 1.0 114
1779895961263 1.0 115
1779895970951 1.0 116
1779895980368 1.0 117
1779895989903 1.0 118
1779895999206 1.0 119
1779896008534 1.0 120
1779896018314 1.0 121
1779896026533 1.0 122
1779896035225 1.0 123
1779896044583 1.0 124
1779896053808 1.0 125
1779896065054 1.0 126
1779896074974 1.0 127
1779896084004 1.0 128
1779896092597 1.0 129
1779896102949 1.0 130
1779896111860 1.0 131
1779896120423 1.0 132
1779896129017 1.0 133
1779896138299 1.0 134
1779896147654 1.0 135
1779896156573 1.0 136
1779896165488 1.0 137
1779896174681 1.0 138
1779896183871 1.0 139
1779896192731 1.0 140
1779896201288 1.0 141
1779896209811 1.0 142
1779896214463 0.9405029813501479 142
