1780586486132 1.40837 0
1780586522670 1.27427 1
1780586559210 1.3264 2
1780586582990 1.30977 3
1780586607021 1.24657 4
1780586632208 1.31107 5
1780586656314 1.19922 6
1780586682337 1.17696 7
1780586712652 1.17528 8
1780586740529 1.16806 9
1780586765155 1.19714 10
1780586792181 1.09958 11
1780586819187 1.11145 12
1780586844125 1.10593 13
1780586868666 1.11674 14
1780586896213 1.06721 15
1780586920875 1.11474 16
1780586946767 1.11077 17
1780586973484 1.00206 18
1780586998677 1.05426 19
1780587023841 1.00855 20
1780587051099 0.96699 21
1780587075662 0.9997 22
1780587100961 0.98452 23
1780587125206 1.03582 24
1780587150648 0.97148 25
1780587175968 0.98629 26
1780587202795 0.99499 27
1780587229048 0.99059 28
1780587254868 0.96966 29
1780587284147 0.96166 30
1780587310816 0.91398 31
1780587335940 0.96835 32
1780587362274 0.94081 33
1780587386974 0.94845 34
1780587412724 0.90748 35
1780587441940 0.966 36
1780587467907 0.90228 37
1780587494447 0.89958 38
1780587519504 0.91845 39
1780587546213 0.86755 40
1780587574857 0.9052 41
1780587603375 0.90164 42
1780587628046 0.91203 43
1780587657131 0.87228 44
1780587684118 0.84322 45
1780587709336 0.85535 46
1780587735577 0.86688 47
1780587760849 0.8978 48
1780587786926 0.87576 49
1780587811982 0.84181 50
1780587836782 0.82834 51
1780587862408 0.83152 52
1780587887843 0.78498 53
1780587912994 0.78491 54
1780587939268 0.813 55
1780587964356 0.76479 56
1780587988274 0.80836 57
1780588013595 0.83621 58
1780588039965 0.80029 59
1780588067495 0.78397 60
1780588092053 0.79287 61
1780588117596 0.78927 62
1780588144630 0.75657 63
1780588170263 0.76127 64
1780588197117 0.80504 65
1780588221600 0.7666 66
1780588245856 0.75505 67
1780588271813 0.7494 68
1780588296387 0.72622 69
1780588320541 0.74858 70
1780588345382 0.72676 71
1780588370186 0.74386 72
1780588395334 0.72449 73
1780588421516 0.75421 74
1780588446710 0.7091 75
