1780586486132 3.009 0
1780586522670 2.16679 1
1780586559210 1.68493 2
1780586582990 1.64116 3
1780586607021 1.449 4
1780586632208 1.46446 5
1780586656314 1.38984 6
1780586682337 1.33664 7
1780586712652 1.19617 8
1780586740529 1.14894 9
1780586765155 1.2106 10
1780586792181 1.11031 11
1780586819187 1.08155 12
1780586844125 1.05542 13
1780586868666 1.06915 14
1780586896213 1.00921 15
1780586920875 1.02596 16
1780586946767 1.02424 17
1780586973484 0.9447 18
1780586998677 0.92701 19
1780587023841 0.89523 20
1780587051099 0.85777 21
1780587075662 0.91767 22
1780587100961 0.86147 23
1780587125206 0.86993 24
1780587150648 0.84627 25
1780587175968 0.84211 26
1780587202795 0.86222 27
1780587229048 0.81606 28
1780587254868 0.77047 29
1780587284147 0.81727 30
1780587310816 0.76864 31
1780587335940 0.81052 32
1780587362274 0.75732 33
1780587386974 0.75464 34
1780587412724 0.7135 35
1780587441940 0.75052 36
1780587467907 0.7089 37
1780587494447 0.69442 38
1780587519504 0.71761 39
1780587546213 0.66884 40
1780587574857 0.68893 41
1780587603375 0.66932 42
1780587628046 0.67612 43
1780587657131 0.66033 44
1780587684118 0.63054 45
1780587709336 0.64999 46
1780587735577 0.65021 47
1780587760849 0.67949 48
1780587786926 0.64942 49
1780587811982 0.63844 50
1780587836782 0.62698 51
1780587862408 0.62724 52
1780587887843 0.59144 53
1780587912994 0.60373 54
1780587939268 0.59418 55
1780587964356 0.58667 56
1780587988274 0.58694 57
1780588013595 0.61514 58
1780588039965 0.5757 59
1780588067495 0.57028 60
1780588092053 0.60403 61
1780588117596 0.56478 62
1780588144630 0.57108 63
1780588170263 0.55591 64
1780588197117 0.61719 65
1780588221600 0.57879 66
1780588245856 0.57146 67
1780588271813 0.56257 68
1780588296387 0.53745 69
1780588320541 0.53962 70
1780588345382 0.52505 71
1780588370186 0.53951 72
1780588395334 0.5315 73
1780588421516 0.55207 74
1780588446710 0.52006 75
