1780586486132 1.46734 0
1780586522670 1.35291 1
1780586559210 1.36268 2
1780586582990 1.37504 3
1780586607021 1.29857 4
1780586632208 1.39777 5
1780586656314 1.29975 6
1780586682337 1.26741 7
1780586712652 1.27081 8
1780586740529 1.2628 9
1780586765155 1.26468 10
1780586792181 1.22369 11
1780586819187 1.2166 12
1780586844125 1.22846 13
1780586868666 1.21375 14
1780586896213 1.20708 15
1780586920875 1.23162 16
1780586946767 1.22079 17
1780586973484 1.18191 18
1780586998677 1.20423 19
1780587023841 1.16701 20
1780587051099 1.15237 21
1780587075662 1.16429 22
1780587100961 1.15505 23
1780587125206 1.17573 24
1780587150648 1.15355 25
1780587175968 1.15556 26
1780587202795 1.19476 27
1780587229048 1.15963 28
1780587254868 1.14414 29
1780587284147 1.16503 30
1780587310816 1.14089 31
1780587335940 1.14633 32
1780587362274 1.13373 33
1780587386974 1.14376 34
1780587412724 1.10497 35
1780587441940 1.14671 36
1780587467907 1.10218 37
1780587494447 1.10636 38
1780587519504 1.13231 39
1780587546213 1.09402 40
1780587574857 1.10487 41
1780587603375 1.10452 42
1780587628046 1.10916 43
1780587657131 1.09544 44
1780587684118 1.09025 45
1780587709336 1.09342 46
1780587735577 1.08915 47
1780587760849 1.09914 48
1780587786926 1.0892 49
1780587811982 1.09303 50
1780587836782 1.07843 51
1780587862408 1.07904 52
1780587887843 1.06567 53
1780587912994 1.06016 54
1780587939268 1.07 55
1780587964356 1.05121 56
1780587988274 1.06047 57
1780588013595 1.09462 58
1780588039965 1.05745 59
1780588067495 1.05837 60
1780588092053 1.08015 61
1780588117596 1.06088 62
1780588144630 1.05457 63
1780588170263 1.04525 64
1780588197117 1.07938 65
1780588221600 1.06215 66
1780588245856 1.04118 67
1780588271813 1.04803 68
1780588296387 1.04509 69
1780588320541 1.03746 70
1780588345382 1.02613 71
1780588370186 1.03683 72
1780588395334 1.02733 73
1780588421516 1.05111 74
1780588446710 1.02814 75
