1780592916034 0.00025721999999999995 0
1780592989383 0.0005025578650000001 1
1780593062079 0.00072101624 2
1780593134904 0.000912595125 3
1780593207131 0.0010772945199999998 4
1780593278811 0.0010753224999999998 5
1780593350571 0.001004587 6
1780593423616 0.0009338514999999999 7
1780593496100 0.0008631159999999999 8
1780593568914 0.0007923804999999999 9
1780593640304 0.0007216449999999999 10
1780593711598 0.0006509094999999999 11
1780593782440 0.000580174 12
1780593853444 0.0005094384999999999 13
1780593924621 0.00043870300000000003 14
1780593995363 0.0003679675 15
1780594065980 0.0002972319999999999 16
1780594136361 0.00022649650000000003 17
1780594207280 0.00015576099999999995 18
1780594278644 8.502550000000006e-05 19
