1780586486132 0.0004634594594594594 0
1780586522670 0.0009304888441441441 1
1780586559210 0.0013880868288288287 2
1780586582990 0.0013865586999999998 3
1780586607021 0.0013724115999999998 4
1780586632208 0.0013582645 5
1780586656314 0.0013441173999999998 6
1780586682337 0.0013299702999999999 7
1780586712652 0.0013158232 8
1780586740529 0.0013016761 9
1780586765155 0.001287529 10
1780586792181 0.0012733819 11
1780586819187 0.0012592348 12
1780586844125 0.0012450877 13
1780586868666 0.0012309405999999998 14
1780586896213 0.0012167935 15
1780586920875 0.0012026464 16
1780586946767 0.0011884992999999999 17
1780586973484 0.0011743522 18
1780586998677 0.0011602051000000001 19
1780587023841 0.001146058 20
1780587051099 0.0011319109 21
1780587075662 0.0011177638 22
1780587100961 0.0011036167 23
1780587125206 0.0010894695999999998 24
1780587150648 0.0010753224999999998 25
1780587175968 0.0010611754 26
1780587202795 0.0010470283 27
1780587229048 0.0010328811999999999 28
1780587254868 0.0010187341 29
1780587284147 0.001004587 30
1780587310816 0.0009904399 31
1780587335940 0.0009762927999999999 32
1780587362274 0.0009621456999999998 33
1780587386974 0.0009479985999999998 34
1780587412724 0.0009338514999999999 35
1780587441940 0.0009197044000000001 36
1780587467907 0.0009055573 37
1780587494447 0.0008914102 38
1780587519504 0.0008772631 39
1780587546213 0.0008631159999999999 40
1780587574857 0.0008489689000000001 41
1780587603375 0.0008348218000000001 42
1780587628046 0.0008206747 43
1780587657131 0.0008065276 44
1780587684118 0.0007923804999999999 45
1780587709336 0.0007782334000000001 46
1780587735577 0.0007640863000000001 47
1780587760849 0.0007499392 48
1780587786926 0.0007357921 49
1780587811982 0.0007216449999999999 50
1780587836782 0.0007074979 51
1780587862408 0.0006933508 52
1780587887843 0.0006792037 53
1780587912994 0.0006650565999999999 54
1780587939268 0.0006509094999999999 55
1780587964356 0.0006367623999999998 56
1780587988274 0.0006226153 57
1780588013595 0.0006084682000000001 58
1780588039965 0.0005943211 59
1780588067495 0.000580174 60
1780588092053 0.0005660268999999999 61
1780588117596 0.0005518798 62
1780588144630 0.0005377327 63
1780588170263 0.0005235856 64
1780588197117 0.0005094384999999999 65
1780588221600 0.0004952913999999999 66
1780588245856 0.0004811442999999999 67
1780588271813 0.00046699719999999993 68
1780588296387 0.00045285010000000006 69
1780588320541 0.00043870300000000003 70
1780588345382 0.0004245559 71
1780588370186 0.0004104088 72
1780588395334 0.00039626170000000004 73
1780588421516 0.0003821146 74
1780588446710 0.0003679675 75
